6873
6859
6857
6859
6859
6859
6894
6909
6955
6913
6910
6908
6908
6908
6907
6907
6908
6908
6932
6954
7013
6964
6957
6955
6955
6955
6954
6954
6956
6955
6955
6954
6999
7004
6953
7020
6974
6968
6976
7071
7059
7060
7062
7144
7066
7072
7091
7275
7090
6954
6965
7215
7289
6955
6954
6954
6954
6954
6954
6953
6954
7184
7258
7123
7123
7061
7046
7121
7091
7081
7116
7065
7118
7100
7105
7086
7071
7125
7097
7126
7105
7114
7113
7062
7113
7100
7090
7026
7050
7051
6984
6988
6990
6989
7049
7032
7021
7124
7053
7115
3515
3524
3502
3512
3490
3501
3498
3580
3541
3544
3530
3460
3522
3541
3513
3510
3516
3458
3477
3459
3459
3458
3455
3456
3455
3456
3456
3456
3455
3456
3456
3456
3455
3455
3456
3456
3471
3472
3460
3473
3464
3515
3455
3470
3469
3460
3482
3490
3524
3522
3459
3459
3458
3456
3455
3455
3455
3456
3455
3455
3456
3455
3455
3455
3456
3455
3456
3455
3455
3455
3455
3455
3455
3457
3456
3456
3456
3456
3455
3456
3456
3456
3456
3455
3456
3456
3455
3455
3455
3455
3456
3456
3455
3456
3456
3455
3524
3476
3489
3460
2336
2307
2334
2355
2362
2342
2309
2309
2307
2307
2309
2309
2307
2318
2322
2322
2323
2323
2323
2323
2322
2324
2324
2324
2323
2323
2323
2324
2324
2323
2323
2324
2323
2324
2323
2324
2323
2323
2323
2323
2323
2323
2323
2323
2323
2324
2323
2323
2323
2324
2323
2323
2323
2323
2323
2323
2323
2322
2324
2322
2326
2340
2340
2340
2339
2340
2340
2340
2339
2340
2340
2339
2340
2340
2340
2340
2339
2339
2339
2339
2340
2339
2340
2340
2339
2340
2340
2340
2339
2340
2340
2340
2340
2340
2353
2390
2376
2376
2379
2370
1788
1733
1733
1733
1733
1733
1731
1732
1731
1732
1732
1731
1731
1732
1731
1732
1732
1739
1745
1745
1745
1745
1745
1745
1744
1745
1745
1745
1744
1744
1745
1746
1745
1745
1745
1745
1745
1745
1745
1745
1745
1745
1745
1745
1745
1745
1744
1745
1745
1745
1745
1745
1744
1745
1745
1745
1745
1745
1745
1745
1745
1746
1745
1745
1745
1745
1744
1745
1744
1744
1746
1745
1744
1745
1745
1745
1745
1745
1745
1745
1745
1745
1745
1745
1745
1745
1745
1745
1745
1745
1745
1746
1747
1745
1754
1745
1760
1750
1745
1753
1479
1418
1446
1423
1442
1412
1416
1418
1439
1424
1429
1396
1397
1398
1406
1406
1405
1405
1405
1405
1405
1406
1405
1405
1405
1405
1405
1404
1405
1404
1404
1405
1404
1405
1404
1405
1404
1404
1404
1404
1405
1405
1405
1404
1404
1404
1405
1404
1404
1404
1415
1416
1415
1415
1415
1416
1415
1415
1416
1416
1415
1415
1415
1415
1415
1415
1416
1415
1416
1416
1416
1415
1416
1416
1415
1416
1415
1415
1416
1415
1416
1416
1415
1415
1416
1415
1415
1415
1416
1416
1417
1415
1416
1416
1416
1415
1416
1415
1415
1417
1198
1198
1198
1198
1198
1199
1198
1198
1198
1198
1199
1199
1199
1199
1199
1198
1198
1198
1198
1198
1198
1198
1198
1198
1199
1199
1199
1199
1199
1199
1199
1199
1199
1198
1199
1198
1200
1199
1199
1198
1198
1198
1199
1199
1199
1205
1205
1205
1206
1205
1206
1205
1206
1206
1205
1205
1205
1205
1205
1205
1205
1205
1205
1205
1205
1205
1205
1205
1205
1205
1206
1205
1205
1205
1206
1205
1206
1205
1206
1205
1205
1205
1205
1205
1205
1205
1205
1205
1205
1205
1205
1205
1205
1205
1205
1205
1205
1205
1205
1205
1042
1042
1042
1042
1042
1042
1042
1042
1042
1042
1042
1043
1042
1042
1042
1042
1042
1042
1042
1042
1042
1042
1043
1042
1042
1042
1042
1042
1042
1042
1042
1043
1042
1042
1042
1042
1042
1042
1042
1042
1042
1042
1042
1042
1042
1042
1042
1042
1042
1042
1042
1043
1043
1042
1042
1042
1042
1042
1042
1042
1042
1042
1042
1042
1042
1042
1042
1042
1042
1042
1044
1042
1042
1042
1042
1043
1042
1043
1042
1042
1042
1042
1042
1042
1043
1043
1042
1042
1042
1042
1043
1042
1043
1042
1042
1042
1042
1042
1043
1042
878
877
877
878
878
878
878
879
878
878
878
878
878
884
891
923
900
884
885
891
906
883
910
894
892
897
892
899
910
893
899
885
879
878
879
879
879
878
878
878
878
878
878
878
878
878
878
879
878
878
879
878
878
878
878
878
878
878
879
878
878
878
878
878
878
878
878
878
878
879
878
878
878
878
880
878
878
878
878
878
878
878
879
878
878
878
878
878
879
878
879
878
878
878
878
878
878
878
878
878
822
822
822
823
822
822
822
822
822
822
822
823
822
823
822
823
822
822
822
823
822
822
822
822
822
822
822
822
822
822
823
822
822
822
822
822
822
823
823
822
822
822
822
822
822
822
822
822
822
822
822
822
822
822
822
822
822
822
822
822
822
822
822
823
822
822
822
823
822
822
822
822
822
822
822
822
822
822
822
822
822
822
822
823
822
822
822
824
823
822
822
823
822
822
822
823
822
822
822
822
714
713
714
714
713
713
714
714
713
713
714
713
713
714
714
714
713
714
713
713
713
713
713
714
713
713
714
713
713
714
713
713
714
713
713
714
713
713
714
714
713
713
714
713
714
714
713
713
714
714
715
713
713
714
713
714
714
713
713
714
713
713
714
714
713
713
714
714
713
713
713
713
714
713
714
714
713
713
714
713
714
714
713
714
714
713
714
713
714
713
714
714
714
713
713
714
714
714
714
714
660
659
659
659
660
660
659
660
659
659
659
659
660
660
659
660
659
659
659
659
659
659
660
659
659
659
659
659
659
659
659
659
659
660
659
659
659
659
660
659
659
659
659
659
659
659
660
659
659
659
659
659
659
659
660
659
660
660
659
660
659
660
660
660
659
659
659
660
659
659
659
660
660
659
659
660
659
660
659
659
659
660
660
660
660
660
660
659
660
659
660
659
659
659
659
660
660
659
659
659
608
610
610
610
610
610
610
610
610
610
611
610
610
611
611
610
610
610
610
610
610
610
610
610
611
610
611
611
610
611
610
610
610
610
610
610
610
610
611
610
610
610
610
611
610
610
611
610
610
610
610
610
610
610
611
610
610
610
610
610
610
610
610
611
610
610
610
610
610
610
610
610
610
611
610
610
610
610
610
610
610
610
610
610
610
610
610
610
611
610
610
610
610
610
610
610
610
610
610
610
555
555
555
555
555
555
555
555
555
555
555
555
555
555
555
555
555
555
555
555
555
555
555
556
555
555
555
555
556
554
555
555
555
555
555
555
555
555
556
555
555
555
555
555
555
555
555
555
555
555
555
555
556
555
555
555
555
555
555
555
555
555
555
556
555
556
555
555
555
555
555
555
555
555
555
555
555
556
555
555
555
555
556
555
555
555
555
555
556
555
555
555
555
555
555
555
555
555
555
555
554
554
554
554
554
556
554
554
554
554
554
554
555
555
554
554
554
554
554
554
555
554
554
554
554
554
554
554
554
554
554
554
554
554
554
554
554
554
554
554
554
554
554
554
554
554
554
554
554
554
554
554
554
554
555
554
554
555
554
555
554
554
554
555
554
554
554
554
554
554
554
554
554
554
554
554
554
554
554
554
554
554
555
554
554
554
554
554
555
554
554
554
554
554
554
554
554
554
554
554
500
499
499
500
500
499
499
499
500
499
500
500
500
500
499
499
499
500
500
499
499
499
499
499
499
500
500
500
500
499
499
499
500
500
500
500
500
500
501
500
500
500
500
499
500
500
500
500
500
500
500
500
500
500
500
499
499
500
500
500
499
499
499
500
501
500
500
500
500
500
500
500
500
500
500
500
500
500
500
500
500
500
500
500
500
500
499
499
500
500
499
499
499
499
499
500
500
500
499
499
445
445
445
445
445
445
445
445
445
445
446
445
445
446
445
445
445
445
445
446
445
446
445
445
446
445
445
445
445
445
445
445
445
445
446
445
446
445
447
445
445
445
446
445
445
445
445
445
445
445
445
447
445
446
445
445
445
445
445
446
445
445
445
446
445
445
445
445
445
446
445
445
445
445
445
445
445
445
446
445
445
445
445
445
445
445
445
445
446
445
445
445
445
445
446
446
445
445
445
445
446
445
445
445
445
445
445
446
445
445
445
445
445
446
445
445
445
445
445
445
445
445
446
445
446
445
445
445
445
445
445
445
446
446
445
445
445
445
446
446
445
445
445
445
445
445
446
445
445
445
446
446
446
446
445
445
445
446
446
445
446
446
446
447
446
445
446
445
445
446
446
446
445
446
446
445
446
445
445
445
445
445
446
446
445
445
445
446
446
445
445
445
445
445
445
445
446
445
445
445
444
444
444
444
444
445
445
445
444
445
444
444
444
445
445
444
444
445
444
444
445
445
445
445
445
445
444
444
445
444
446
445
445
444
444
445
444
445
446
444
445
444
444
444
445
444
445
444
445
445
444
445
444
444
444
445
444
444
444
444
444
445
445
445
445
445
445
445
445
445
444
445
445
445
445
445
444
444
445
445
445
445
445
445
445
445
445
444
445
445
444
445
444
445
445
445
444
445
445
445
399
399
398
399
398
398
398
398
399
398
398
398
398
400
398
398
399
398
399
399
398
399
399
398
398
399
399
398
398
398
398
398
399
398
398
398
399
398
399
398
398
399
398
398
398
399
398
399
399
399
399
398
399
398
399
398
398
399
399
399
398
398
399
399
398
398
398
399
398
398
398
399
398
398
398
398
398
398
398
398
398
398
399
398
398
398
398
398
399
399
398
398
398
398
399
398
398
398
399
399
404
405
404
404
404
405
404
404
404
404
404
405
404
405
405
404
404
404
404
404
405
404
407
413
416
407
423
416
424
423
404
408
425
422
414
405
404
414
420
415
410
425
410
411
423
406
406
423
418
404
405
405
405
405
406
405
405
406
405
405
405
405
404
405
404
404
404
405
404
404
404
404
404
404
405
404
405
404
404
404
404
404
404
405
404
404
404
405
406
404
404
404
404
404
404
404
404
404
405
404
424
424
424
424
425
424
424
424
424
424
424
424
425
425
424
424
424
424
424
424
424
424
424
424
424
424
425
424
424
424
424
425
424
424
424
424
424
424
425
424
424
425
424
424
424
424
424
424
424
425
424
424
424
424
424
424
424
424
424
425
424
424
424
425
424
424
424
424
424
424
424
424
424
424
424
424
424
424
424
424
424
424
424
424
424
424
424
424
425
424
425
424
424
424
424
424
424
424
424
424
377
377
377
377
377
378
378
378
378
378
378
378
378
378
378
378
378
378
378
377
377
377
377
378
378
377
377
378
378
378
378
378
377
377
377
377
377
378
378
377
377
377
377
377
378
377
377
377
378
377
377
378
377
377
377
377
377
377
377
377
378
377
377
378
377
377
378
377
377
377
377
377
378
377
377
377
377
377
377
377
378
377
377
377
378
377
378
378
381
380
380
380
381
381
380
380
381
380
380
380
416
416
416
416
417
416
416
416
416
416
416
416
416
417
416
416
416
416
416
416
416
416
416
416
416
416
416
416
416
416
416
416
416
416
416
416
416
416
417
416
416
416
416
416
416
416
416
416
416
416
416
416
416
416
416
416
416
416
416
416
416
416
416
417
417
416
416
416
416
416
416
416
416
416
416
416
416
416
416
416
416
417
416
416
416
416
416
416
417
416
416
416
416
416
416
416
416
416
416
416
398
398
398
398
398
398
398
398
398
398
398
398
398
399
398
398
398
398
398
399
398
398
398
398
398
398
398
398
398
398
398
398
398
398
398
398
398
398
399
398
398
398
398
398
398
398
398
398
398
398
398
398
398
398
398
398
398
398
398
398
398
398
398
399
399
398
398
399
398
399
398
398
398
398
398
398
398
398
398
398
398
398
398
398
398
398
398
398
399
398
398
398
398
398
398
400
398
398
398
399
423
423
423
423
422
423
423
422
423
422
422
423
423
424
422
422
422
422
423
422
422
422
422
422
422
422
422
422
422
422
422
422
422
422
422
422
423
422
423
422
423
422
422
423
422
422
423
422
422
422
422
422
422
422
422
422
422
422
422
422
422
422
422
423
422
422
422
423
422
423
422
422
422
423
422
422
423
422
422
422
422
422
423
422
422
422
423
422
423
423
423
423
422
423
422
423
423
423
422
423
376
376
376
375
375
375
375
376
375
376
375
375
375
376
375
375
375
375
375
375
375
375
375
375
375
375
375
375
375
375
375
375
375
375
376
375
375
375
376
375
375
375
375
375
376
375
375
375
375
375
375
375
375
376
375
375
375
375
375
375
375
375
375
376
375
375
375
375
376
375
375
375
376
376
376
375
376
376
376
375
375
375
376
376
376
376
378
376
376
376
376
375
376
375
375
376
376
376
375
376
378
378
377
378
378
379
377
378
378
378
377
378
378
379
378
378
378
378
378
378
378
378
378
378
378
378
378
378
378
378
378
378
378
378
378
378
378
378
379
378
378
378
378
378
378
378
378
378
378
378
377
378
378
378
378
378
378
377
377
377
377
377
378
378
378
378
378
378
378
378
377
378
377
377
377
378
377
377
378
377
378
378
378
378
378
377
377
377
378
377
378
377
377
377
378
377
377
377
377
377
371
371
371
371
371
371
371
371
371
371
371
371
371
372
371
371
371
371
371
371
371
371
371
371
371
371
371
371
371
371
371
371
371
371
371
371
371
371
372
371
371
371
370
371
371
371
371
371
371
371
371
371
371
371
371
371
371
371
371
371
371
371
371
372
372
371
371
371
371
372
371
371
371
371
371
372
372
371
371
371
371
371
371
371
372
371
372
371
373
371
371
371
371
371
372
371
371
371
371
371
